400 400
10
rectangle 69.000 280.000 24.000 24.000 0.000 black
1
move 251.000 72.000 10000 cycle
rectangle 256.000 188.000 24.000 48.000 0.000 black
0
rectangle 232.000 152.000 72.000 24.000 0.000 black
0
rectangle 35.000 400.000 24.000 24.000 0.000 black
1
move 285.000 -96.000 10000 cycle
rectangle 244.000 248.000 48.000 24.000 0.000 black
0
rectangle 300.000 117.000 24.000 48.000 0.000 black
1
move 112.000 164.000 5000
rectangle 136.000 200.000 72.000 24.000 0.000 black
0
rectangle 160.000 236.000 24.000 48.000 0.000 black
0
rectangle 208.000 224.000 24.000 72.000 44.797 black
1
rotate -44.797 5000
rectangle 232.000 200.000 24.000 24.000 0.000 black
0
