800 400
57
rectangle 300.200 185.000 14.000 14.000 0.000 yellow
0
rectangle 686.600 199.000 14.000 14.000 0.000 yellow
0
rectangle 314.200 199.000 14.000 14.000 0.000 yellow
0
rectangle 342.200 241.000 14.000 14.000 0.000 yellow
0
rectangle 417.800 185.000 14.000 42.000 0.000 yellow
0
rectangle 286.200 185.000 14.000 42.000 0.000 yellow
0
rectangle 658.600 157.000 42.000 14.000 0.000 yellow
0
rectangle 196.600 178.000 14.000 28.000 0.000 black
0
rectangle 286.200 241.000 14.000 14.000 0.000 yellow
0
rectangle 107.000 227.000 14.000 42.000 0.000 red
0
rectangle 121.000 199.000 42.000 14.000 0.000 red
0
rectangle 493.400 241.000 14.000 14.000 0.000 red
0
rectangle 611.000 164.000 14.000 28.000 0.000 yellow
0
rectangle 417.800 220.000 14.000 28.000 0.000 yellow
0
rectangle 135.000 241.000 42.000 14.000 0.000 red
0
rectangle 224.600 241.000 14.000 14.000 0.000 black
0
rectangle 286.200 220.000 14.000 28.000 0.000 yellow
0
rectangle 328.200 213.000 14.000 14.000 0.000 yellow
0
rectangle 493.400 157.000 42.000 14.000 0.000 red
0
rectangle 521.400 185.000 14.000 42.000 0.000 red
0
rectangle 686.600 227.000 14.000 14.000 0.000 yellow
0
rectangle 672.600 213.000 14.000 14.000 0.000 yellow
0
rectangle 521.400 220.000 14.000 28.000 0.000 red
0
rectangle 583.000 241.000 42.000 14.000 0.000 yellow
0
rectangle 465.400 213.000 14.000 42.000 0.000 red
0
rectangle 375.800 227.000 14.000 14.000 0.000 yellow
0
rectangle 396.800 241.000 28.000 14.000 0.000 yellow
0
rectangle 342.200 157.000 14.000 14.000 0.000 yellow
0
rectangle 479.400 241.000 14.000 14.000 0.000 red
0
rectangle 644.600 178.000 14.000 28.000 0.000 yellow
0
rectangle 465.400 178.000 14.000 28.000 0.000 red
0
rectangle 555.000 213.000 14.000 42.000 0.000 yellow
0
rectangle 210.600 241.000 14.000 14.000 0.000 black
0
rectangle 238.600 241.000 14.000 14.000 0.000 black
0
rectangle 107.000 178.000 14.000 28.000 0.000 red
0
rectangle 163.000 220.000 14.000 28.000 0.000 red
0
rectangle 196.600 213.000 14.000 42.000 0.000 black
0
rectangle 149.000 199.000 14.000 14.000 0.000 red
0
rectangle 114.000 157.000 28.000 14.000 0.000 red
0
rectangle 342.200 185.000 14.000 42.000 0.000 yellow
0
rectangle 644.600 227.000 14.000 42.000 0.000 yellow
0
rectangle 700.600 241.000 14.000 14.000 0.000 yellow
0
rectangle 700.600 178.000 14.000 28.000 0.000 yellow
0
rectangle 417.800 157.000 42.000 14.000 0.000 yellow
0
rectangle 342.200 220.000 14.000 28.000 0.000 yellow
0
rectangle 163.000 178.000 14.000 28.000 0.000 red
0
rectangle 224.600 157.000 42.000 14.000 0.000 black
0
rectangle 555.000 171.000 14.000 42.000 0.000 yellow
0
rectangle 611.000 185.000 14.000 14.000 0.000 yellow
0
rectangle 252.600 185.000 14.000 42.000 0.000 black
0
rectangle 686.600 157.000 14.000 14.000 0.000 yellow
0
rectangle 507.400 241.000 14.000 14.000 0.000 red
0
rectangle 658.600 199.000 42.000 14.000 0.000 yellow
0
rectangle 611.000 213.000 14.000 42.000 0.000 yellow
0
rectangle 286.200 157.000 14.000 14.000 0.000 yellow
0
rectangle 252.600 220.000 14.000 28.000 0.000 black
0
rectangle 142.000 157.000 28.000 14.000 0.000 red
0
