700 400
49
rectangle 342.200 157.000 14.000 14.000 0.000 yellow
0
rectangle 465.400 220.000 14.000 28.000 0.000 red
0
rectangle 514.400 157.000 28.000 14.000 0.000 red
0
rectangle 314.200 199.000 14.000 14.000 0.000 yellow
0
rectangle 396.800 199.000 56.000 98.000 0.000 yellow
0
rectangle 196.600 178.000 14.000 28.000 0.000 black
0
rectangle 486.400 241.000 28.000 14.000 0.000 red
0
rectangle 465.400 192.000 14.000 28.000 0.000 red
0
rectangle 286.200 157.000 14.000 14.000 0.000 yellow
0
rectangle 465.400 171.000 14.000 14.000 0.000 red
0
rectangle 252.600 178.000 14.000 28.000 0.000 black
0
circle 135.000 227.000 7.000 red
0
circle 562.000 234.000 14.000 red
0
rectangle 286.200 185.000 14.000 42.000 0.000 yellow
0
circle 583.000 199.000 14.000 red
0
circle 604.000 234.000 14.000 red
0
rectangle 286.200 220.000 14.000 28.000 0.000 yellow
0
rectangle 514.400 241.000 28.000 14.000 0.000 red
0
rectangle 217.600 199.000 28.000 14.000 0.000 black
0
rectangle 286.200 241.000 14.000 14.000 0.000 yellow
0
circle 121.000 171.000 7.000 red
0
circle 149.000 171.000 7.000 red
0
rectangle 245.600 199.000 28.000 14.000 0.000 black
0
rectangle 342.200 220.000 14.000 28.000 0.000 yellow
0
rectangle 465.400 241.000 14.000 14.000 0.000 red
0
rectangle 479.400 157.000 42.000 14.000 0.000 red
0
circle 597.000 185.000 7.000 red
0
rectangle 300.200 185.000 14.000 14.000 0.000 yellow
0
circle 135.000 241.000 7.000 red
0
rectangle 472.400 199.000 28.000 14.000 0.000 red
0
circle 135.000 213.000 7.000 red
0
circle 569.000 185.000 7.000 red
0
circle 135.000 192.000 14.000 red
0
rectangle 252.600 227.000 14.000 42.000 0.000 black
0
circle 562.000 164.000 14.000 red
0
circle 604.000 164.000 14.000 red
0
rectangle 342.200 185.000 14.000 42.000 0.000 yellow
0
rectangle 500.400 199.000 28.000 14.000 0.000 red
0
circle 569.000 213.000 7.000 red
0
circle 107.000 157.000 7.000 red
0
rectangle 431.800 199.000 14.000 70.000 0.000 yellow
0
rectangle 328.200 213.000 14.000 14.000 0.000 yellow
0
rectangle 196.600 241.000 14.000 14.000 0.000 black
0
circle 597.000 213.000 7.000 red
0
rectangle 196.600 213.000 14.000 42.000 0.000 black
0
rectangle 224.600 157.000 42.000 14.000 0.000 black
0
circle 163.000 157.000 7.000 red
0
rectangle 342.200 241.000 14.000 14.000 0.000 yellow
0
circle 403.800 199.000 21.000 white
0
