1100 400
73
rectangle 314.200 192.000 14.000 28.000 0.000 yellow
0
rectangle 823.800 241.000 14.000 14.000 0.000 black
0
rectangle 135.000 157.000 42.000 14.000 0.000 black
0
rectangle 720.200 157.000 42.000 14.000 0.000 yellow
0
rectangle 989.000 213.000 14.000 14.000 0.000 yellow
0
rectangle 465.400 192.000 14.000 28.000 0.000 red
0
rectangle 375.800 178.000 14.000 28.000 0.000 black
0
rectangle 734.200 227.000 14.000 42.000 0.000 yellow
0
rectangle 342.200 185.000 14.000 42.000 0.000 yellow
0
rectangle 328.200 171.000 14.000 14.000 0.000 yellow
0
rectangle 465.400 241.000 14.000 14.000 0.000 red
0
rectangle 514.400 157.000 28.000 14.000 0.000 red
0
rectangle 486.400 241.000 28.000 14.000 0.000 red
0
rectangle 809.800 234.000 14.000 28.000 0.000 black
0
rectangle 375.800 241.000 14.000 14.000 0.000 black
0
rectangle 163.000 171.000 14.000 14.000 0.000 black
0
rectangle 1003.000 241.000 14.000 14.000 0.000 yellow
0
rectangle 1003.000 220.000 14.000 28.000 0.000 yellow
0
rectangle 465.400 220.000 14.000 28.000 0.000 red
0
rectangle 163.000 227.000 14.000 14.000 0.000 black
0
rectangle 465.400 171.000 14.000 14.000 0.000 red
0
rectangle 342.200 220.000 14.000 28.000 0.000 yellow
0
rectangle 658.600 171.000 14.000 42.000 0.000 yellow
0
rectangle 658.600 234.000 14.000 28.000 0.000 yellow
0
rectangle 417.800 199.000 14.000 14.000 0.000 black
0
rectangle 431.800 178.000 14.000 28.000 0.000 black
0
rectangle 375.800 227.000 14.000 14.000 0.000 black
0
rectangle 342.200 157.000 14.000 14.000 0.000 yellow
0
rectangle 417.800 157.000 14.000 14.000 0.000 black
0
rectangle 479.400 157.000 42.000 14.000 0.000 red
0
circle 885.400 199.000 35.000 red
0
rectangle 583.000 227.000 14.000 42.000 0.000 red
0
rectangle 1003.000 185.000 14.000 42.000 0.000 yellow
0
rectangle 672.600 157.000 14.000 14.000 0.000 yellow
0
rectangle 644.600 241.000 14.000 14.000 0.000 yellow
0
rectangle 389.800 157.000 42.000 14.000 0.000 black
0
rectangle 947.000 185.000 14.000 42.000 0.000 yellow
0
rectangle 583.000 185.000 14.000 42.000 0.000 red
0
rectangle 658.600 206.000 14.000 28.000 0.000 yellow
0
rectangle 644.600 157.000 14.000 14.000 0.000 yellow
0
rectangle 569.000 157.000 42.000 14.000 0.000 red
0
rectangle 947.000 220.000 14.000 28.000 0.000 yellow
0
rectangle 135.000 241.000 42.000 14.000 0.000 black
0
rectangle 961.000 185.000 14.000 14.000 0.000 yellow
0
rectangle 300.200 171.000 14.000 14.000 0.000 yellow
0
rectangle 514.400 241.000 28.000 14.000 0.000 red
0
rectangle 342.200 241.000 14.000 14.000 0.000 yellow
0
rectangle 823.800 157.000 14.000 14.000 0.000 black
0
rectangle 604.000 157.000 28.000 14.000 0.000 red
0
rectangle 795.800 241.000 14.000 14.000 0.000 black
0
rectangle 755.200 157.000 28.000 14.000 0.000 yellow
0
rectangle 286.200 185.000 14.000 42.000 0.000 yellow
0
rectangle 472.400 199.000 28.000 14.000 0.000 red
0
rectangle 500.400 199.000 28.000 14.000 0.000 red
0
rectangle 286.200 241.000 14.000 14.000 0.000 yellow
0
rectangle 947.000 157.000 14.000 14.000 0.000 yellow
0
rectangle 286.200 220.000 14.000 28.000 0.000 yellow
0
rectangle 375.800 213.000 14.000 14.000 0.000 black
0
rectangle 286.200 157.000 14.000 14.000 0.000 yellow
0
rectangle 795.800 157.000 14.000 14.000 0.000 black
0
circle 224.600 199.000 35.000 red
0
rectangle 809.800 171.000 14.000 42.000 0.000 black
0
rectangle 107.000 213.000 14.000 42.000 0.000 black
0
rectangle 389.800 199.000 42.000 14.000 0.000 black
0
rectangle 734.200 185.000 14.000 42.000 0.000 yellow
0
rectangle 1003.000 157.000 14.000 14.000 0.000 yellow
0
rectangle 672.600 241.000 14.000 14.000 0.000 yellow
0
rectangle 809.800 206.000 14.000 28.000 0.000 black
0
rectangle 975.000 199.000 14.000 14.000 0.000 yellow
0
rectangle 107.000 178.000 14.000 28.000 0.000 black
0
rectangle 947.000 241.000 14.000 14.000 0.000 yellow
0
circle 224.600 199.000 21.000 white
0
circle 885.400 199.000 21.000 white
0
