950 400
69
rectangle 550.000 91.000 14.000 14.000 0.000 red
1
move 409.400 227.000 3000
rectangle 665.000 347.000 14.000 14.000 0.000 red
1
move 168.600 241.000 3000
rectangle 211.000 344.000 14.000 14.000 0.000 black
1
move 375.800 241.000 3000
rectangle 684.000 227.000 14.000 14.000 0.000 black
1
move 767.800 241.000 3000
rectangle 403.000 90.000 14.000 28.000 0.000 black
1
move 121.000 206.000 3000
rectangle 510.000 311.000 14.000 14.000 0.000 black
1
move 107.000 157.000 3000
rectangle 701.000 294.000 42.000 14.000 0.000 red
1
move 451.400 157.000 3000
rectangle 608.000 300.000 14.000 42.000 0.000 red
1
move 451.400 185.000 3000
rectangle 624.000 219.000 14.000 14.000 0.000 black
1
move 809.800 213.000 3000
rectangle 729.000 17.000 14.000 28.000 0.000 black
1
move 375.800 220.000 3000
rectangle 872.000 280.000 14.000 42.000 0.000 black
1
move 121.000 171.000 3000
rectangle 425.000 102.000 14.000 28.000 0.000 yellow
1
move 588.600 178.000 3000
rectangle 108.000 7.000 14.000 42.000 0.000 yellow
1
move 588.600 213.000 3000
rectangle 255.000 3.000 42.000 14.000 0.000 yellow
1
move 616.600 157.000 3000
rectangle 920.000 370.000 42.000 14.000 0.000 yellow
1
move 244.200 157.000 3000
rectangle 224.000 63.000 14.000 14.000 0.000 yellow
1
move 644.600 171.000 3000
rectangle 121.000 367.000 14.000 14.000 0.000 black
1
move 361.800 213.000 3000
rectangle 863.000 174.000 14.000 42.000 0.000 black
1
move 375.800 185.000 3000
rectangle 230.000 31.000 14.000 42.000 0.000 red
1
move 499.000 213.000 3000
rectangle 881.000 258.000 14.000 14.000 0.000 red
1
move 513.000 241.000 3000
rectangle 62.000 49.000 14.000 42.000 0.000 red
1
move 555.000 185.000 3000
rectangle 353.000 134.000 14.000 14.000 0.000 red
1
move 527.000 241.000 3000
rectangle 490.000 358.000 14.000 42.000 0.000 yellow
1
move 706.200 185.000 3000
rectangle 795.000 110.000 14.000 28.000 0.000 red
1
move 499.000 178.000 3000
rectangle 98.000 82.000 14.000 14.000 0.000 black
1
move 107.000 241.000 3000
rectangle 442.000 295.000 14.000 14.000 0.000 black
1
move 135.000 157.000 3000
rectangle 307.000 113.000 42.000 14.000 0.000 red
1
move 527.000 157.000 3000
rectangle 492.000 227.000 14.000 14.000 0.000 black
1
move 781.800 185.000 3000
rectangle 62.000 95.000 14.000 42.000 0.000 red
1
move 182.600 171.000 3000
rectangle 376.000 372.000 28.000 14.000 0.000 yellow
1
move 237.200 199.000 3000
rectangle 347.000 72.000 14.000 14.000 0.000 black
1
move 767.800 157.000 3000
rectangle 407.000 177.000 14.000 28.000 0.000 red
1
move 451.400 220.000 3000
rectangle 601.000 19.000 14.000 14.000 0.000 black
1
move 319.800 241.000 3000
rectangle 755.000 26.000 28.000 14.000 0.000 red
1
move 430.400 241.000 3000
rectangle 119.000 168.000 42.000 14.000 0.000 yellow
1
move 616.600 241.000 3000
rectangle 839.000 78.000 14.000 28.000 0.000 black
1
move 823.800 220.000 3000
rectangle 155.000 354.000 42.000 14.000 0.000 yellow
1
move 692.200 157.000 3000
rectangle 541.000 340.000 28.000 14.000 0.000 yellow
1
move 279.200 157.000 3000
rectangle 25.000 330.000 14.000 14.000 0.000 black
1
move 823.800 241.000 3000
rectangle 813.000 37.000 14.000 42.000 0.000 yellow
1
move 706.200 227.000 3000
rectangle 459.000 391.000 14.000 14.000 0.000 red
1
move 541.000 241.000 3000
rectangle 551.000 68.000 14.000 14.000 0.000 yellow
1
move 644.600 227.000 3000
rectangle 530.000 294.000 14.000 14.000 0.000 black
1
move 823.800 157.000 3000
rectangle 131.000 395.000 14.000 14.000 0.000 black
1
move 135.000 241.000 3000
rectangle 792.000 42.000 28.000 14.000 0.000 yellow
1
move 279.200 241.000 3000
rectangle 242.000 22.000 28.000 14.000 0.000 yellow
1
move 727.200 157.000 3000
rectangle 42.000 242.000 28.000 14.000 0.000 yellow
1
move 251.200 241.000 3000
rectangle 116.000 152.000 14.000 28.000 0.000 yellow
1
move 230.200 220.000 3000
rectangle 764.000 280.000 14.000 14.000 0.000 black
1
move 795.800 199.000 3000
rectangle 385.000 32.000 14.000 14.000 0.000 red
1
move 196.600 157.000 3000
rectangle 655.000 76.000 14.000 28.000 0.000 black
1
move 767.800 220.000 3000
rectangle 327.000 25.000 14.000 28.000 0.000 yellow
1
move 230.200 192.000 3000
rectangle 558.000 313.000 14.000 28.000 0.000 red
1
move 555.000 220.000 3000
rectangle 108.000 63.000 14.000 14.000 0.000 black
1
move 333.800 185.000 3000
rectangle 10.000 373.000 14.000 42.000 0.000 black
1
move 767.800 185.000 3000
rectangle 746.000 185.000 14.000 14.000 0.000 yellow
1
move 230.200 241.000 3000
rectangle 839.000 63.000 14.000 28.000 0.000 black
1
move 121.000 234.000 3000
rectangle 618.000 36.000 28.000 14.000 0.000 yellow
1
move 265.200 199.000 3000
rectangle 706.000 274.000 14.000 28.000 0.000 black
1
move 319.800 220.000 3000
rectangle 628.000 358.000 14.000 42.000 0.000 black
1
move 823.800 185.000 3000
rectangle 265.000 386.000 14.000 14.000 0.000 black
1
move 375.800 157.000 3000
rectangle 303.000 140.000 14.000 28.000 0.000 red
1
move 182.600 206.000 3000
rectangle 170.000 64.000 14.000 14.000 0.000 yellow
1
move 230.200 171.000 3000
rectangle 518.000 139.000 14.000 14.000 0.000 red
1
move 168.600 157.000 3000
rectangle 157.000 293.000 14.000 42.000 0.000 black
1
move 319.800 185.000 3000
rectangle 660.000 44.000 14.000 14.000 0.000 black
1
move 319.800 157.000 3000
rectangle 17.000 395.000 14.000 14.000 0.000 black
1
move 347.800 199.000 3000
rectangle 638.000 52.000 14.000 28.000 0.000 red
1
move 182.600 234.000 3000
rectangle 865.000 318.000 14.000 14.000 0.000 red
1
move 196.600 241.000 3000
