800 400
58
rectangle 238.600 157.000 14.000 14.000 228.607 black
1
rotate -228.607 2000
rectangle 196.600 213.000 14.000 14.000 26.020 black
1
rotate -26.020 2000
rectangle 286.200 241.000 14.000 14.000 287.635 black
1
rotate 72.365 2000
rectangle 514.400 199.000 28.000 14.000 47.944 red
1
rotate -47.944 2000
rectangle 163.000 178.000 14.000 28.000 44.633 yellow
1
rotate -44.633 2000
rectangle 196.600 178.000 14.000 28.000 173.747 black
1
rotate -173.747 2000
rectangle 156.000 199.000 28.000 14.000 22.471 yellow
1
rotate -22.471 2000
rectangle 465.400 178.000 14.000 28.000 4.763 red
1
rotate -4.763 2000
rectangle 465.400 241.000 14.000 14.000 63.723 red
1
rotate -63.723 2000
rectangle 493.400 157.000 42.000 14.000 309.700 red
1
rotate 50.300 2000
rectangle 700.600 241.000 14.000 14.000 152.827 black
1
rotate 207.173 2000
rectangle 672.600 213.000 14.000 14.000 214.549 black
1
rotate -214.549 2000
rectangle 107.000 241.000 14.000 14.000 2.678 yellow
1
rotate -2.678 2000
rectangle 700.600 178.000 14.000 28.000 259.222 black
1
rotate 100.778 2000
rectangle 604.000 157.000 28.000 14.000 134.299 black
1
rotate -134.299 2000
rectangle 486.400 199.000 28.000 14.000 48.205 red
1
rotate -48.205 2000
rectangle 521.400 227.000 14.000 42.000 90.142 red
1
rotate -90.142 2000
rectangle 286.200 213.000 14.000 42.000 167.055 black
1
rotate -167.055 2000
rectangle 307.200 241.000 28.000 14.000 100.910 black
1
rotate -100.910 2000
rectangle 107.000 178.000 14.000 28.000 153.469 yellow
1
rotate 206.531 2000
rectangle 375.800 192.000 14.000 28.000 310.582 yellow
1
rotate 49.418 2000
rectangle 686.600 227.000 14.000 14.000 138.963 black
1
rotate 221.037 2000
rectangle 342.200 185.000 14.000 42.000 17.070 black
1
rotate -17.070 2000
rectangle 389.800 157.000 42.000 14.000 94.081 yellow
1
rotate -94.081 2000
rectangle 644.600 227.000 14.000 42.000 272.078 black
1
rotate 87.922 2000
rectangle 286.200 157.000 14.000 14.000 80.632 black
1
rotate -80.632 2000
rectangle 314.200 157.000 42.000 14.000 242.611 black
1
rotate -242.611 2000
rectangle 135.000 157.000 42.000 14.000 161.248 yellow
1
rotate 198.752 2000
rectangle 583.000 185.000 14.000 42.000 256.750 black
1
rotate 103.250 2000
rectangle 107.000 213.000 14.000 42.000 124.899 yellow
1
rotate 235.101 2000
rectangle 375.800 220.000 14.000 28.000 307.816 yellow
1
rotate 52.184 2000
rectangle 196.600 227.000 14.000 14.000 192.726 black
1
rotate -192.726 2000
rectangle 163.000 227.000 14.000 42.000 152.910 yellow
1
rotate -152.910 2000
rectangle 583.000 227.000 14.000 42.000 111.623 black
1
rotate 248.377 2000
rectangle 569.000 157.000 42.000 14.000 192.394 black
1
rotate -192.394 2000
rectangle 375.800 171.000 14.000 14.000 137.969 yellow
1
rotate 222.031 2000
rectangle 328.200 241.000 14.000 14.000 145.701 black
1
rotate 214.299 2000
rectangle 342.200 220.000 14.000 28.000 341.130 black
1
rotate 18.870 2000
rectangle 286.200 185.000 14.000 42.000 300.063 black
1
rotate 59.937 2000
rectangle 210.600 199.000 42.000 14.000 153.564 black
1
rotate -153.564 2000
rectangle 686.600 199.000 14.000 14.000 211.217 black
1
rotate -211.217 2000
rectangle 238.600 199.000 14.000 14.000 18.114 black
1
rotate -18.114 2000
rectangle 424.800 157.000 28.000 14.000 272.141 yellow
1
rotate 87.859 2000
rectangle 465.400 213.000 14.000 42.000 133.558 red
1
rotate 226.442 2000
rectangle 375.800 241.000 14.000 14.000 181.436 yellow
1
rotate 178.564 2000
rectangle 196.600 241.000 14.000 14.000 206.144 black
1
rotate 153.856 2000
rectangle 252.600 178.000 14.000 28.000 156.373 black
1
rotate 203.627 2000
rectangle 424.800 241.000 28.000 14.000 123.507 yellow
1
rotate -123.507 2000
rectangle 382.800 199.000 28.000 14.000 206.568 yellow
1
rotate -206.568 2000
rectangle 521.400 178.000 14.000 28.000 235.707 red
1
rotate 124.293 2000
rectangle 644.600 178.000 14.000 28.000 54.485 black
1
rotate -54.485 2000
rectangle 210.600 157.000 42.000 14.000 280.125 black
1
rotate 79.875 2000
rectangle 686.600 157.000 14.000 14.000 199.326 black
1
rotate 160.674 2000
rectangle 396.800 241.000 28.000 14.000 122.494 yellow
1
rotate -122.494 2000
rectangle 658.600 157.000 42.000 14.000 241.695 black
1
rotate 118.305 2000
rectangle 128.000 199.000 28.000 14.000 209.419 yellow
1
rotate 150.581 2000
rectangle 658.600 199.000 42.000 14.000 131.255 black
1
rotate -131.255 2000
rectangle 410.800 199.000 28.000 14.000 267.339 yellow
1
rotate 92.661 2000
